4
2 1 2 4
2
4
2 2 2 2
1
5
2 3 1 1 1
1
6
2 1 4 3 6 5
3
6
2 3 1 5 6 4
2
6
1 2 3 4 5 6
6
2
2 1
1
8
5 4 1 8 8 4 2 2
1
8
1 3 4 2 1 5 3 2
2
1000
273   479   840    10   590   722   578   319   675   766   106   260   670   847   350   994   875   344   152   364   481   446   615    83   540   450   653   967    96   791   873   416    74   557   732   727   757   410   553   683   535   266   314   216   194   730   601   693   243   171   132   858   423   866   983   448   533   996   625   441   206   522   530   226   765   898   261   458   252   889   249   128   175   424   812   895    66    55   851    68   123    54    43   509   719   471   182   453   214   774    67   284   187   305   678   112   122   362   894   116   265    94   937   582   333   320   969    22    64   825   960   117   143   923   460   229   643   552   943   121   258    79   556   297   699   192   752   372   837   838   993    12   620   537     9   860   208   118   702   454   180   835   283   990   545   925   685   647   296    92   377   489   417    37   345   577   271    20   405   758   160    78   939   627   376   696   861   367   560   734   933   375   846   796   788   793   674   306   803     4    27   449   977   571   498   281   706   444   276   338   801   147   944   125   668   381   514   239   635   679   594   972   736   621   255   425   864   156   555   389   294   677   901    63   842   507   115   961   119   658   611   501   886   832   336   466   792   921   219   370   966   332   346   723   436   797   637   136   434   783   756   207   220   384   744   746   566   428    44   511   561    39   817   452   107   151   413   144   769   892   309    99   390   795    49   931   426   141   824   883   546   735   478   572   154   728   163   415   203   945   767   856    88   914   750   800   959   326   334   574   974   188   432   473   584   661   988   197   816   102   604   295   616   285   618   103   759    76   748   871   659   145   186   538    48   849   607   176   602    47   104   563   328   833    89   986   199   510   784   968   133   636   662   929    15   794   470   387   472    16   524   599   164   391   168   480    42    18   484   686   970   760    14   504   715   404   809   657   954   316   628   820   534   282   859   742   821   322   483     6   737   689   714   975   406   230   469   880    62   155   183    23   585   776   804   805   855   238   237   813   311   733   506   459   355   936   596   979   884   924   505     5   770    95   681   304   915   339   500   298   887   323   523   985   407    61   342   595   932    86   385   210   356   126   386   379   743   953   550    50   619   579   763   394   645   652   790    80   213   442   656     1   312   427   330   435   105    65   745   612   549   749   930   850   562   173   773   910   741   876    17   564   747   947   411     8   650   129   437   906   221   869   269    11   149   403   641   240   941   991    98   712   946   371   891   487   447   919   525    85   430   315   422   682   902   586   161   818   589    81   349   739   278   872   688   543   150   202    31   810   826   516   576   798   200   250   401   366   630   245   224   421   331   843   697   412   251   361   347   217   318   786   515   327   708   517   648   233   775   649   731   124   828   289   496   827   778   623   997   544   110   600   888   153   279   232   195   823   646   634   274   109   486   984   920   409   638   165    70   241   399   300   335   502   663   369    57   146   443   626   488   497   242   467   807   518   782   575   248   593   212   247   608    24   942   234   257   655   836   651   420   157   398   440    41   211   228   863   140   378   476   536   717   178   995   606   671    29   532   761   695   477   485   672   680   313   457   321   520   701   713   955   768   531   353   139   259   547   130   834   236   400   138   293   854   664   845   402   705   751   570   159   559   193   268   254   814   329   393   551   131   815   307    51   253   720   729   591   223   205   753    97   264   363   491   539   952   592   120    73   725   862   963   513   874   684   354   169    71   777   844   738   973   691   521   148   934   299   288   495   890  1000   882    93   414   927   135   113    53   397   310    91   225     7   841   526   198   998   395   802   603   900   287   698   609   308   246   262    33   806   764    25    72   508   348   958   343   492   352   654   868   482   905   569    60   907   162   462   419   718   588   811   598   111   829    13   114   554   755    58    77   438   503   201   174   992   134   703   956   190   771   896   573   785   879   439   292   949   461   787   270   231    59   493   475   781   848    34   166   614   912   542   244   100   170   669   877   340    52   629    35   127   971   639   137   341   922   613   631   780   779   291   494   568   951   938   965   177   158   707   396   527    30   358    69    84   227    21   418   772   885    36   468   431   209   926   581    56   263   981   380   918   490   789   909   980   962   904   597     2   899   272   290   666   218   870   499   617   548    26   108    38   583   337   700   512   267   215   694   853   445   463     3   724    45   762   357   633   667   911    82   374    32   388   184   191   605   673   704   957   908   474    75   687   433   822   999   528   799   185   189   529   950   429   558   978   917   101    87   359    90   622   519   325   830   256   819   301   839   451   351   976   580   142   302   360   831   317   172   303    40   903   987   368   913   710   852   277   711   721   382   726   982   392   167   893   881   383   365   464   275   456   716   928    46    28   632   660   286   181   565    19   642   567   610   644   324   408   940   640   857   204   196   964   624   754   808   676   541   692   280   948   690   867   989   897   373   865   935   587   222   235   465   455   740   179   665   916   878   709
6